arch	circuit	vpr_revision	vpr_status	min_chan_width	critical_path_delay	lb_area	rt_area	pack_time	place_time	min_chan_width_route_time	crit_path_route_time	routed_wirelength	max_odin_mem	max_abc_mem	max_vpr_mem	num_pre_packed_nets	num_pre_packed_blocks	num_post_packed_nets	num_clb	num_io	num_outputs	num_memories	num_mult	error	
k6_N10_I40_Fi6_L4_frac0_ff1_22nm_2D.xml	clma.blif	7e14ac5-dirty	success	-1	8.67336	3.3576e+07	7.01106e+06	17.514	20.8103	8.17315	-1	82830	-1	-1	-1	6320	6402	3841	623	62	82	0	0		
k6_N10_I40_Fi6_L4_frac0_ff1_22nm_2D.xml	s38584.1.blif	7e14ac5-dirty	success	-1	4.79709	2.27433e+07	4.87050e+06	11.2639	11.872	3.33991	-1	32420	-1	-1	-1	5357	5661	2660	422	38	304	0	0		
k6_N10_I40_Fi6_L4_frac0_ff1_22nm_2D.xml	pdc.blif	7e14ac5-dirty	success	-1	6.44072	1.95635e+07	4.42697e+06	14.9799	8.88189	4.8673	-1	43485	-1	-1	-1	3645	3685	1850	363	16	40	0	0		
k6_N10_I40_Fi6_L4_frac0_ff1_22nm_2D.xml	s38417.blif	7e14ac5-dirty	success	-1	5.04341	1.80006e+07	3.73655e+06	7.63974	9.65135	2.53773	-1	20060	-1	-1	-1	4530	4636	1876	334	29	106	0	0		
k6_N10_I40_Fi6_L4_frac0_ff1_22nm_2D.xml	frisc.blif	7e14ac5-dirty	success	-1	8.21063	1.58448e+07	3.39978e+06	10.0543	9.14238	3.18093	-1	37183	-1	-1	-1	3834	3950	1651	294	20	116	0	0		
k6_N10_I40_Fi6_L4_frac0_ff1_22nm_2D.xml	spla.blif	7e14ac5-dirty	success	-1	5.81791	1.62221e+07	3.73655e+06	12.7222	6.96463	3.61935	-1	33473	-1	-1	-1	3021	3067	1512	301	16	46	0	0		
k6_N10_I40_Fi6_L4_frac0_ff1_22nm_2D.xml	ex1010.blif	7e14ac5-dirty	success	-1	6.14519	1.67071e+07	3.73655e+06	14.5616	6.87572	4.06234	-1	37425	-1	-1	-1	3103	3113	1445	310	10	10	0	0		
k6_N10_I40_Fi6_L4_frac0_ff1_22nm_2D.xml	elliptic.blif	7e14ac5-dirty	success	-1	6.61834	1.15333e+07	2.47698e+06	9.11734	5.67836	2.10201	-1	21528	-1	-1	-1	3386	3500	1258	214	131	114	0	0		
k6_N10_I40_Fi6_L4_frac0_ff1_22nm_2D.xml	s298.blif	7e14ac5-dirty	success	-1	7.98454	7.06011e+06	1.69030e+06	3.84919	1.99965	1.1653	-1	7789	-1	-1	-1	1313	1319	561	131	4	6	0	0		
k6_N10_I40_Fi6_L4_frac0_ff1_22nm_2D.xml	apex2.blif	7e14ac5-dirty	success	-1	5.40705	7.97631e+06	1.92912e+06	7.79973	2.88747	1.52586	-1	13651	-1	-1	-1	1516	1519	795	148	38	3	0	0		
k6_N10_I40_Fi6_L4_frac0_ff1_22nm_2D.xml	diffeq.blif	7e14ac5-dirty	success	-1	4.60899	4.68878e+06	1.05160e+06	2.76396	1.73101	0.670195	-1	6204	-1	-1	-1	1309	1348	596	87	64	39	0	0		
k6_N10_I40_Fi6_L4_frac0_ff1_22nm_2D.xml	seq.blif	7e14ac5-dirty	success	-1	4.29723	7.1679e+06	1.69030e+06	5.25565	2.59746	1.26103	-1	11897	-1	-1	-1	1366	1401	718	133	41	35	0	0		
k6_N10_I40_Fi6_L4_frac0_ff1_22nm_2D.xml	C6288.blif	7e14ac5-dirty	success	-1	8.95805	2.96417e+06	736854.	1.31621	0.93347	0.446001	-1	3850	-1	-1	-1	573	605	478	55	32	32	0	0		
k6_N10_I40_Fi6_L4_frac0_ff1_22nm_2D.xml	tseng.blif	7e14ac5-dirty	success	-1	4.58193	4.31152e+06	1.05160e+06	2.15438	1.61102	0.628267	-1	4890	-1	-1	-1	1234	1356	528	80	52	122	0	0		
k6_N10_I40_Fi6_L4_frac0_ff1_22nm_2D.xml	dsip.blif	7e14ac5-dirty	success	-1	2.45484	3.66479e+06	1.69030e+06	2.55762	2.56344	0.984446	-1	6489	-1	-1	-1	1133	1330	573	68	229	197	0	0		
k6_N10_I40_Fi6_L4_frac0_ff1_22nm_2D.xml	bigkey.blif	7e14ac5-dirty	success	-1	2.40083	3.71869e+06	1.69030e+06	3.03872	2.41875	0.972634	-1	5986	-1	-1	-1	1136	1333	497	69	229	197	0	0		
k6_N10_I40_Fi6_L4_frac0_ff1_22nm_2D.xml	alu4.blif	7e14ac5-dirty	success	-1	4.3411	6.35949e+06	1.48415e+06	2.88035	1.78581	0.95824	-1	6155	-1	-1	-1	1187	1195	552	118	14	8	0	0		
k6_N10_I40_Fi6_L4_frac0_ff1_22nm_2D.xml	i10.blif	7e14ac5-dirty	success	-1	6.04721	3.98816e+06	2.20400e+06	1.96627	3.30024	1.35009	-1	10369	-1	-1	-1	996	1220	785	74	257	224	0	0		
k6_N10_I40_Fi6_L4_frac0_ff1_22nm_2D.xml	ex5p.blif	7e14ac5-dirty	success	-1	4.13957	3.98816e+06	1.05160e+06	2.02966	1.35677	0.709852	-1	6445	-1	-1	-1	748	811	460	74	8	63	0	0		
k6_N10_I40_Fi6_L4_frac0_ff1_22nm_2D.xml	des.blif	7e14ac5-dirty	success	-1	3.03872	3.01806e+06	2.20400e+06	1.93679	2.52799	1.27247	-1	7678	-1	-1	-1	810	1055	571	56	256	245	0	0		
k6_N10_I40_Fi6_L4_frac0_ff1_22nm_2D.xml	apex4.blif	7e14ac5-dirty	success	-1	4.39085	5.22772e+06	1.27489e+06	3.10025	1.68328	1.0483	-1	10154	-1	-1	-1	979	998	582	97	9	19	0	0		
k6_N10_I40_Fi6_L4_frac0_ff1_22nm_2D.xml	C7552.blif	7e14ac5-dirty	success	-1	4.58852	2.6947e+06	875303.	1.11679	1.61563	0.589844	-1	5157	-1	-1	-1	706	813	517	50	206	107	0	0		
k6_N10_I40_Fi6_L4_frac0_ff1_22nm_2D.xml	misex3.blif	7e14ac5-dirty	success	-1	4.32248	6.2517e+06	1.48415e+06	4.13675	1.9754	1.05172	-1	7771	-1	-1	-1	1172	1186	604	116	14	14	0	0		
k6_N10_I40_Fi6_L4_frac0_ff1_22nm_2D.xml	parker1986.blif	7e14ac5-dirty	success	-1	5.65961	2.96417e+06	736854.	1.83252	1.17252	0.50163	-1	5256	-1	-1	-1	753	762	435	55	50	9	0	0		
k6_N10_I40_Fi6_L4_frac0_ff1_22nm_2D.xml	C5315.blif	7e14ac5-dirty	success	-1	4.08548	2.15576e+06	875303.	1.00596	1.44773	0.524005	-1	4755	-1	-1	-1	577	700	463	40	178	123	0	0		
k6_N10_I40_Fi6_L4_frac0_ff1_22nm_2D.xml	apex3.blif	7e14ac5-dirty	success	-1	4.14457	3.93426e+06	1.05160e+06	3.17869	1.43588	0.766835	-1	6838	-1	-1	-1	783	833	479	73	54	50	0	0		
k6_N10_I40_Fi6_L4_frac0_ff1_22nm_2D.xml	s5378.blif	7e14ac5-dirty	success	-1	3.106	2.37134e+06	591126.	1.0026	0.783962	0.339631	-1	3318	-1	-1	-1	615	664	342	44	36	49	0	0		
k6_N10_I40_Fi6_L4_frac0_ff1_22nm_2D.xml	cps.blif	7e14ac5-dirty	success	-1	3.06628	3.50311e+06	875303.	2.50619	1.19857	0.633901	-1	4707	-1	-1	-1	668	777	373	65	24	109	0	0		
k6_N10_I40_Fi6_L4_frac0_ff1_22nm_2D.xml	apex1.blif	7e14ac5-dirty	success	-1	4.03583	3.23364e+06	736854.	2.14319	1.10095	0.550657	-1	5899	-1	-1	-1	637	682	418	60	45	45	0	0		
k6_N10_I40_Fi6_L4_frac0_ff1_22nm_2D.xml	C3540.blif	7e14ac5-dirty	success	-1	4.85581	1.8324e+06	452829.	1.05467	0.574741	0.29293	-1	2676	-1	-1	-1	386	408	260	34	50	22	0	0		
