arch	circuit	vpr_revision	vpr_status	min_chan_width	critical_path_delay	lb_area	rt_area	pack_time	place_time	min_chan_width_route_time	crit_path_route_time	routed_wirelength	max_odin_mem	max_abc_mem	max_vpr_mem	num_pre_packed_nets	num_pre_packed_blocks	num_post_packed_nets	num_clb	num_io	num_outputs	num_memories	num_mult	error	
k6_N10_I40_Fi6_L4_frac0_ff1_22nm_2D.xml	clma.blif	7e14ac5-dirty	success	-1	8.71531	3.3576e+07	7.04558e+06	18.3012	21.8721	8.54899	-1	78110	-1	-1	-1	6320	6402	3841	623	62	82	0	0		
k6_N10_I40_Fi6_L4_frac0_ff1_22nm_2D.xml	s38584.1.blif	7e14ac5-dirty	success	-1	4.85125	2.27433e+07	4.89176e+06	11.1295	12.273	3.35578	-1	29050	-1	-1	-1	5357	5661	2660	422	38	304	0	0		
k6_N10_I40_Fi6_L4_frac0_ff1_22nm_2D.xml	pdc.blif	7e14ac5-dirty	success	-1	6.6382	1.95635e+07	4.44487e+06	14.9594	9.05191	4.81422	-1	40032	-1	-1	-1	3645	3685	1850	363	16	40	0	0		
k6_N10_I40_Fi6_L4_frac0_ff1_22nm_2D.xml	s38417.blif	7e14ac5-dirty	success	-1	4.8734	1.80006e+07	3.74926e+06	7.49988	8.3779	2.42382	-1	19531	-1	-1	-1	4530	4636	1876	334	29	106	0	0		
k6_N10_I40_Fi6_L4_frac0_ff1_22nm_2D.xml	frisc.blif	7e14ac5-dirty	success	-1	8.36752	1.58448e+07	3.41097e+06	9.72481	8.72258	3.25581	-1	34889	-1	-1	-1	3834	3950	1651	294	20	116	0	0		
k6_N10_I40_Fi6_L4_frac0_ff1_22nm_2D.xml	spla.blif	7e14ac5-dirty	success	-1	6.07199	1.62221e+07	3.74926e+06	12.3934	6.92313	3.59331	-1	31046	-1	-1	-1	3021	3067	1512	301	16	46	0	0		
k6_N10_I40_Fi6_L4_frac0_ff1_22nm_2D.xml	ex1010.blif	7e14ac5-dirty	success	-1	6.43568	1.67071e+07	3.74926e+06	14.3531	6.78548	4.03787	-1	35027	-1	-1	-1	3103	3113	1445	310	10	10	0	0		
k6_N10_I40_Fi6_L4_frac0_ff1_22nm_2D.xml	elliptic.blif	7e14ac5-dirty	success	-1	6.45312	1.15333e+07	2.48292e+06	8.99608	5.81163	2.20867	-1	19977	-1	-1	-1	3386	3500	1258	214	131	114	0	0		
k6_N10_I40_Fi6_L4_frac0_ff1_22nm_2D.xml	s298.blif	7e14ac5-dirty	success	-1	7.44164	7.06011e+06	1.69218e+06	3.80165	2.00371	1.12864	-1	7173	-1	-1	-1	1313	1319	561	131	4	6	0	0		
k6_N10_I40_Fi6_L4_frac0_ff1_22nm_2D.xml	apex2.blif	7e14ac5-dirty	success	-1	5.23599	7.97631e+06	1.93219e+06	7.6146	2.75989	1.51378	-1	12560	-1	-1	-1	1516	1519	795	148	38	3	0	0		
k6_N10_I40_Fi6_L4_frac0_ff1_22nm_2D.xml	diffeq.blif	7e14ac5-dirty	success	-1	4.52307	4.68878e+06	1.05059e+06	2.6636	1.73084	0.655366	-1	5701	-1	-1	-1	1309	1348	596	87	64	39	0	0		
k6_N10_I40_Fi6_L4_frac0_ff1_22nm_2D.xml	seq.blif	7e14ac5-dirty	success	-1	4.26872	7.1679e+06	1.69218e+06	5.05473	2.47807	1.24249	-1	11146	-1	-1	-1	1366	1401	718	133	41	35	0	0		
k6_N10_I40_Fi6_L4_frac0_ff1_22nm_2D.xml	C6288.blif	7e14ac5-dirty	success	-1	8.88411	2.96417e+06	735206.	1.23665	0.885704	0.416763	-1	3254	-1	-1	-1	573	605	478	55	32	32	0	0		
k6_N10_I40_Fi6_L4_frac0_ff1_22nm_2D.xml	tseng.blif	7e14ac5-dirty	success	-1	4.35767	4.31152e+06	1.05059e+06	2.12413	1.55745	0.620572	-1	4614	-1	-1	-1	1234	1356	528	80	52	122	0	0		
k6_N10_I40_Fi6_L4_frac0_ff1_22nm_2D.xml	dsip.blif	7e14ac5-dirty	success	-1	2.40704	3.66479e+06	1.69218e+06	2.49641	2.36959	0.94863	-1	5895	-1	-1	-1	1133	1330	573	68	229	197	0	0		
k6_N10_I40_Fi6_L4_frac0_ff1_22nm_2D.xml	bigkey.blif	7e14ac5-dirty	success	-1	2.32226	3.71869e+06	1.69218e+06	2.90034	2.38503	0.953205	-1	5437	-1	-1	-1	1136	1333	497	69	229	197	0	0		
k6_N10_I40_Fi6_L4_frac0_ff1_22nm_2D.xml	alu4.blif	7e14ac5-dirty	success	-1	4.29242	6.35949e+06	1.48471e+06	2.77163	1.68668	0.927715	-1	5932	-1	-1	-1	1187	1195	552	118	14	8	0	0		
k6_N10_I40_Fi6_L4_frac0_ff1_22nm_2D.xml	i10.blif	7e14ac5-dirty	success	-1	5.50523	3.98816e+06	2.20891e+06	1.91511	3.23328	1.31128	-1	9473	-1	-1	-1	996	1220	785	74	257	224	0	0		
k6_N10_I40_Fi6_L4_frac0_ff1_22nm_2D.xml	ex5p.blif	7e14ac5-dirty	success	-1	3.88008	3.98816e+06	1.05059e+06	2.00012	1.26672	0.731185	-1	5916	-1	-1	-1	748	811	460	74	8	63	0	0		
k6_N10_I40_Fi6_L4_frac0_ff1_22nm_2D.xml	des.blif	7e14ac5-dirty	success	-1	2.7451	3.01806e+06	2.20891e+06	1.8653	2.52632	1.19948	-1	6700	-1	-1	-1	810	1055	571	56	256	245	0	0		
k6_N10_I40_Fi6_L4_frac0_ff1_22nm_2D.xml	apex4.blif	7e14ac5-dirty	success	-1	4.33812	5.22772e+06	1.27490e+06	3.03994	1.64093	0.980448	-1	9490	-1	-1	-1	979	998	582	97	9	19	0	0		
k6_N10_I40_Fi6_L4_frac0_ff1_22nm_2D.xml	C7552.blif	7e14ac5-dirty	success	-1	4.53808	2.6947e+06	873797.	1.12186	1.56531	0.504108	-1	4238	-1	-1	-1	706	813	517	50	206	107	0	0		
k6_N10_I40_Fi6_L4_frac0_ff1_22nm_2D.xml	misex3.blif	7e14ac5-dirty	success	-1	4.2843	6.2517e+06	1.48471e+06	3.97075	1.79169	0.936329	-1	7111	-1	-1	-1	1172	1186	604	116	14	14	0	0		
k6_N10_I40_Fi6_L4_frac0_ff1_22nm_2D.xml	parker1986.blif	7e14ac5-dirty	success	-1	5.70082	2.96417e+06	735206.	1.71675	1.06762	0.438637	-1	4750	-1	-1	-1	753	762	435	55	50	9	0	0		
k6_N10_I40_Fi6_L4_frac0_ff1_22nm_2D.xml	C5315.blif	7e14ac5-dirty	success	-1	3.99229	2.15576e+06	873797.	0.998228	1.5788	0.542166	-1	4176	-1	-1	-1	577	700	463	40	178	123	0	0		
k6_N10_I40_Fi6_L4_frac0_ff1_22nm_2D.xml	apex3.blif	7e14ac5-dirty	success	-1	4.15173	3.93426e+06	1.05059e+06	3.19866	1.50823	0.788551	-1	6201	-1	-1	-1	783	833	479	73	54	50	0	0		
k6_N10_I40_Fi6_L4_frac0_ff1_22nm_2D.xml	s5378.blif	7e14ac5-dirty	success	-1	2.94127	2.37134e+06	589430.	1.02199	0.841178	0.351252	-1	2891	-1	-1	-1	615	664	342	44	36	49	0	0		
k6_N10_I40_Fi6_L4_frac0_ff1_22nm_2D.xml	cps.blif	7e14ac5-dirty	success	-1	3.09352	3.50311e+06	873797.	2.57149	1.25248	0.652414	-1	4281	-1	-1	-1	668	777	373	65	24	109	0	0		
k6_N10_I40_Fi6_L4_frac0_ff1_22nm_2D.xml	apex1.blif	7e14ac5-dirty	success	-1	3.94602	3.23364e+06	735206.	2.19736	1.12227	0.554637	-1	5214	-1	-1	-1	637	682	418	60	45	45	0	0		
k6_N10_I40_Fi6_L4_frac0_ff1_22nm_2D.xml	C3540.blif	7e14ac5-dirty	success	-1	5.05655	1.8324e+06	450725.	1.09237	0.609148	0.301542	-1	2349	-1	-1	-1	386	408	260	34	50	22	0	0		
