arch	circuit	vpr_revision	vpr_status	min_chan_width	critical_path_delay	lb_area	rt_area	pack_time	place_time	min_chan_width_route_time	crit_path_route_time	routed_wirelength	max_odin_mem	max_abc_mem	max_vpr_mem	num_pre_packed_nets	num_pre_packed_blocks	num_post_packed_nets	num_clb	num_io	num_outputs	num_memories	num_mult	error	
k6_N10_I40_Fi6_L4_frac0_ff1_22nm_2D.xml	clma.blif	7e14ac5-dirty	success	-1	8.26696	3.3576e+07	6.97215e+06	17.9078	18.6797	7.35364	-1	83051	-1	-1	-1	6320	6402	3841	623	62	82	0	0		
k6_N10_I40_Fi6_L4_frac0_ff1_22nm_2D.xml	s38584.1.blif	7e14ac5-dirty	success	-1	4.85494	2.27433e+07	4.84582e+06	10.8599	11.5567	3.28839	-1	32743	-1	-1	-1	5357	5661	2660	422	38	304	0	0		
k6_N10_I40_Fi6_L4_frac0_ff1_22nm_2D.xml	pdc.blif	7e14ac5-dirty	success	-1	6.21901	1.95635e+07	4.40575e+06	15.1034	8.91229	4.244	-1	42963	-1	-1	-1	3645	3685	1850	363	16	40	0	0		
k6_N10_I40_Fi6_L4_frac0_ff1_22nm_2D.xml	s38417.blif	7e14ac5-dirty	success	-1	5.07745	1.80006e+07	3.71825e+06	7.36935	8.28898	2.31733	-1	21322	-1	-1	-1	4530	4636	1876	334	29	106	0	0		
k6_N10_I40_Fi6_L4_frac0_ff1_22nm_2D.xml	frisc.blif	7e14ac5-dirty	success	-1	8.34101	1.58448e+07	3.38393e+06	9.71656	8.48784	2.83719	-1	37471	-1	-1	-1	3834	3950	1651	294	20	116	0	0		
k6_N10_I40_Fi6_L4_frac0_ff1_22nm_2D.xml	spla.blif	7e14ac5-dirty	success	-1	6.14383	1.62221e+07	3.71825e+06	12.4073	6.55137	3.21515	-1	33499	-1	-1	-1	3021	3067	1512	301	16	46	0	0		
k6_N10_I40_Fi6_L4_frac0_ff1_22nm_2D.xml	ex1010.blif	7e14ac5-dirty	success	-1	6.51161	1.67071e+07	3.71825e+06	14.109	6.46065	3.79052	-1	37479	-1	-1	-1	3103	3113	1445	310	10	10	0	0		
k6_N10_I40_Fi6_L4_frac0_ff1_22nm_2D.xml	elliptic.blif	7e14ac5-dirty	success	-1	6.49823	1.15333e+07	2.46659e+06	8.87374	5.25866	1.91524	-1	22348	-1	-1	-1	3386	3500	1258	214	131	114	0	0		
k6_N10_I40_Fi6_L4_frac0_ff1_22nm_2D.xml	s298.blif	7e14ac5-dirty	success	-1	8.05914	7.06011e+06	1.68455e+06	3.82941	2.02292	1.05558	-1	7825	-1	-1	-1	1313	1319	561	131	4	6	0	0		
k6_N10_I40_Fi6_L4_frac0_ff1_22nm_2D.xml	apex2.blif	7e14ac5-dirty	success	-1	5.08701	7.97631e+06	1.92225e+06	7.51875	2.70864	1.39667	-1	13823	-1	-1	-1	1516	1519	795	148	38	3	0	0		
k6_N10_I40_Fi6_L4_frac0_ff1_22nm_2D.xml	diffeq.blif	7e14ac5-dirty	success	-1	4.6372	4.68878e+06	1.04941e+06	2.66313	1.67851	0.622456	-1	6510	-1	-1	-1	1309	1348	596	87	64	39	0	0		
k6_N10_I40_Fi6_L4_frac0_ff1_22nm_2D.xml	seq.blif	7e14ac5-dirty	success	-1	4.25183	7.1679e+06	1.68455e+06	5.04742	2.46866	1.18524	-1	12047	-1	-1	-1	1366	1401	718	133	41	35	0	0		
k6_N10_I40_Fi6_L4_frac0_ff1_22nm_2D.xml	C6288.blif	7e14ac5-dirty	success	-1	9.50759	2.96417e+06	735794.	1.24293	0.885823	0.414666	-1	4026	-1	-1	-1	573	605	478	55	32	32	0	0		
k6_N10_I40_Fi6_L4_frac0_ff1_22nm_2D.xml	tseng.blif	7e14ac5-dirty	success	-1	4.4292	4.31152e+06	1.04941e+06	2.10129	1.60597	0.608783	-1	5184	-1	-1	-1	1234	1356	528	80	52	122	0	0		
k6_N10_I40_Fi6_L4_frac0_ff1_22nm_2D.xml	dsip.blif	7e14ac5-dirty	success	-1	2.39695	3.66479e+06	1.68455e+06	2.55064	2.31494	0.924189	-1	6503	-1	-1	-1	1133	1330	573	68	229	197	0	0		
k6_N10_I40_Fi6_L4_frac0_ff1_22nm_2D.xml	bigkey.blif	7e14ac5-dirty	success	-1	2.32156	3.71869e+06	1.68455e+06	2.87936	2.26633	0.917849	-1	6006	-1	-1	-1	1136	1333	497	69	229	197	0	0		
k6_N10_I40_Fi6_L4_frac0_ff1_22nm_2D.xml	alu4.blif	7e14ac5-dirty	success	-1	4.29466	6.35949e+06	1.47887e+06	2.81695	1.73117	0.914649	-1	6244	-1	-1	-1	1187	1195	552	118	14	8	0	0		
k6_N10_I40_Fi6_L4_frac0_ff1_22nm_2D.xml	i10.blif	7e14ac5-dirty	success	-1	5.80192	3.98816e+06	2.19549e+06	1.97551	3.2044	1.28962	-1	10499	-1	-1	-1	996	1220	785	74	257	224	0	0		
k6_N10_I40_Fi6_L4_frac0_ff1_22nm_2D.xml	ex5p.blif	7e14ac5-dirty	success	-1	4.11327	3.98816e+06	1.04941e+06	2.01216	1.36997	0.680857	-1	6510	-1	-1	-1	748	811	460	74	8	63	0	0		
k6_N10_I40_Fi6_L4_frac0_ff1_22nm_2D.xml	des.blif	7e14ac5-dirty	success	-1	2.97358	3.01806e+06	2.19549e+06	1.90352	2.43364	1.18064	-1	7562	-1	-1	-1	810	1055	571	56	256	245	0	0		
k6_N10_I40_Fi6_L4_frac0_ff1_22nm_2D.xml	apex4.blif	7e14ac5-dirty	success	-1	4.49097	5.22772e+06	1.27109e+06	2.99043	1.61227	0.997543	-1	10258	-1	-1	-1	979	998	582	97	9	19	0	0		
k6_N10_I40_Fi6_L4_frac0_ff1_22nm_2D.xml	C7552.blif	7e14ac5-dirty	success	-1	4.67639	2.6947e+06	873980.	1.11074	1.5392	0.533111	-1	5221	-1	-1	-1	706	813	517	50	206	107	0	0		
k6_N10_I40_Fi6_L4_frac0_ff1_22nm_2D.xml	misex3.blif	7e14ac5-dirty	success	-1	4.12656	6.2517e+06	1.47887e+06	3.974	1.88325	0.979664	-1	8076	-1	-1	-1	1172	1186	604	116	14	14	0	0		
k6_N10_I40_Fi6_L4_frac0_ff1_22nm_2D.xml	parker1986.blif	7e14ac5-dirty	success	-1	5.81805	2.96417e+06	735794.	1.7678	1.04561	0.450701	-1	5273	-1	-1	-1	753	762	435	55	50	9	0	0		
k6_N10_I40_Fi6_L4_frac0_ff1_22nm_2D.xml	C5315.blif	7e14ac5-dirty	success	-1	3.95143	2.15576e+06	873980.	0.955966	1.40158	0.497482	-1	4849	-1	-1	-1	577	700	463	40	178	123	0	0		
k6_N10_I40_Fi6_L4_frac0_ff1_22nm_2D.xml	apex3.blif	7e14ac5-dirty	success	-1	4.39118	3.93426e+06	1.04941e+06	3.10695	1.42576	0.71044	-1	7211	-1	-1	-1	783	833	479	73	54	50	0	0		
k6_N10_I40_Fi6_L4_frac0_ff1_22nm_2D.xml	s5378.blif	7e14ac5-dirty	success	-1	3.22023	2.37134e+06	590909.	0.979115	0.782555	0.324626	-1	3285	-1	-1	-1	615	664	342	44	36	49	0	0		
k6_N10_I40_Fi6_L4_frac0_ff1_22nm_2D.xml	cps.blif	7e14ac5-dirty	success	-1	3.0447	3.50311e+06	873980.	2.44452	1.13783	0.621704	-1	4833	-1	-1	-1	668	777	373	65	24	109	0	0		
k6_N10_I40_Fi6_L4_frac0_ff1_22nm_2D.xml	apex1.blif	7e14ac5-dirty	success	-1	3.99978	3.23364e+06	735794.	2.06184	1.06604	0.499729	-1	5733	-1	-1	-1	637	682	418	60	45	45	0	0		
k6_N10_I40_Fi6_L4_frac0_ff1_22nm_2D.xml	C3540.blif	7e14ac5-dirty	success	-1	5.0651	1.8324e+06	453273.	1.04133	0.566894	0.272078	-1	2745	-1	-1	-1	386	408	260	34	50	22	0	0		
